$ 1 0.000005 54.00526672067058 99 5 43 5e-11
w 1088 -128 1088 -80 0
w 944 -128 1088 -128 0
w 944 -192 944 -128 0
w 864 -128 848 -144 0
w 864 -128 880 -144 0
151 864 -144 864 -224 0 2 5 5
w 1072 -208 1088 -208 0
w 864 -224 880 -224 0
w 1248 -80 1248 -64 0
w 1248 -80 1248 -96 0
w 1248 -80 1280 -80 0
w 1328 -208 1328 -80 0
w 1312 -208 1328 -208 0
w 1280 -80 1328 -80 0
r 864 -80 864 -16 0 1000
w 864 -96 864 -128 0
w 864 -80 864 -96 0
w 880 -224 944 -224 0
g 1312 -80 1312 -16 0 0
w 1312 -208 1312 -192 0
c 1184 -208 1312 -208 4 0.000009999999999999999 2.387499087781631e-9 0.001 0
r 1312 -192 1312 -80 0 10000
151 1248 -80 1088 -80 0 2 5 5
151 944 -208 1072 -208 0 2 2.3552231186278534e-26 5
v 848 224 848 112 0 0 40 5 0 0 0.5
s 864 16 864 80 0 1 true
w 864 -16 864 16 0
w 864 80 864 112 0
w 864 112 848 112 0
g 848 224 848 256 0 0
w 1088 -208 1184 -208 0
o 1 64 0 4099 5 0.00009765625 0 2 1 3
o 11 64 0 4099 0.0000762939453125 0.00009765625 1 2 11 3
o 30 64 0 4099 0.0000762939453125 0.00009765625 2 2 30 3
